areaType,areaName,areaCode,date,newPeopleVaccinatedThirdInjectionByPublishDate,cumPeopleVaccinatedThirdInjectionByPublishDate
nation,England,E92000001,2022-01-18,57675,30638887
nation,England,E92000001,2022-01-17,54649,30581212
nation,England,E92000001,2022-01-16,45923,30526563
nation,England,E92000001,2022-01-15,90122,30480640
nation,England,E92000001,2022-01-14,85517,30390518
nation,England,E92000001,2022-01-13,87221,30305001
nation,England,E92000001,2022-01-12,96154,30217780
nation,England,E92000001,2022-01-11,108219,30121626
nation,England,E92000001,2022-01-10,116227,30013407
nation,England,E92000001,2022-01-09,109898,29897180
nation,England,E92000001,2022-01-08,206676,29787282
nation,England,E92000001,2022-01-07,180813,29580606
nation,England,E92000001,2022-01-06,188716,29399793
nation,England,E92000001,2022-01-05,199810,29211077
nation,England,E92000001,2022-01-04,187298,29011267
nation,England,E92000001,2022-01-03,117336,28823969
nation,England,E92000001,2022-01-02,103407,28706633
nation,England,E92000001,2022-01-01,17875,28603226
nation,England,E92000001,2021-12-31,138936,28585351
nation,England,E92000001,2021-12-30,320532,28446415
nation,England,E92000001,2021-12-29,345462,28125883
nation,England,E92000001,2021-12-28,258399,27780421
nation,England,E92000001,2021-12-27,209626,27522022
nation,England,E92000001,2021-12-26,20278,27312396
nation,England,E92000001,2021-12-25,10477,27292118
nation,England,E92000001,2021-12-24,153690,27281641
nation,England,E92000001,2021-12-23,493033,27127951
nation,England,E92000001,2021-12-22,695273,26634918
nation,England,E92000001,2021-12-21,809192,25939645
nation,England,E92000001,2021-12-20,753793,25130453
nation,England,E92000001,2021-12-19,726195,24376660
nation,England,E92000001,2021-12-18,830403,23650465
nation,England,E92000001,2021-12-17,740775,22820062
nation,England,E92000001,2021-12-16,739867,22079287
nation,England,E92000001,2021-12-15,626846,21339420
nation,England,E92000001,2021-12-14,548039,20712574
nation,England,E92000001,2021-12-13,418544,20164535
nation,England,E92000001,2021-12-12,333866,19745991
nation,England,E92000001,2021-12-11,483361,19412125
nation,England,E92000001,2021-12-10,362502,18928764
nation,England,E92000001,2021-12-09,396278,18566262
nation,England,E92000001,2021-12-08,340615,18169984
nation,England,E92000001,2021-12-07,319214,17829369
nation,England,E92000001,2021-12-06,268062,17510155
nation,England,E92000001,2021-12-05,221674,17242093
nation,England,E92000001,2021-12-04,412755,17020419
nation,England,E92000001,2021-12-03,332834,16607664
nation,England,E92000001,2021-12-02,353104,16274830
nation,England,E92000001,2021-12-01,341121,15921726
nation,England,E92000001,2021-11-30,325881,15580605
nation,England,E92000001,2021-11-29,258944,15254724
nation,England,E92000001,2021-11-28,223189,14995780
nation,England,E92000001,2021-11-27,419657,14772591
nation,England,E92000001,2021-11-26,320981,14352934
nation,England,E92000001,2021-11-25,334749,14031953
nation,England,E92000001,2021-11-24,315306,13697204
nation,England,E92000001,2021-11-23,301034,13381898
nation,England,E92000001,2021-11-22,249999,13080864
nation,England,E92000001,2021-11-21,189138,12830865
nation,England,E92000001,2021-11-20,412685,12641727
nation,England,E92000001,2021-11-19,305470,12229042
nation,England,E92000001,2021-11-18,318203,11923572
nation,England,E92000001,2021-11-17,314138,11605369
nation,England,E92000001,2021-11-16,282808,11291231
nation,England,E92000001,2021-11-15,232248,11008423
nation,England,E92000001,2021-11-14,176724,10776175
nation,England,E92000001,2021-11-13,411430,10599451
nation,England,E92000001,2021-11-12,299597,10188021
nation,England,E92000001,2021-11-11,305139,9888424
nation,England,E92000001,2021-11-10,465913,9583285
nation,England,E92000001,2021-11-09,278763,9117372
nation,England,E92000001,2021-11-08,222489,8838609
nation,England,E92000001,2021-11-07,166959,8616120
nation,England,E92000001,2021-11-06,371339,8449161
nation,England,E92000001,2021-11-05,266470,8077822
nation,England,E92000001,2021-11-04,274443,7811352
nation,England,E92000001,2021-11-03,267772,7536909
nation,England,E92000001,2021-11-02,246266,7269137
nation,England,E92000001,2021-11-01,196712,7022871
nation,England,E92000001,2021-10-31,131261,6826159
nation,England,E92000001,2021-10-30,330445,6694898
nation,England,E92000001,2021-10-29,238142,6364453
nation,England,E92000001,2021-10-28,247995,6126311
nation,England,E92000001,2021-10-27,236580,5878316
nation,England,E92000001,2021-10-26,217396,5641736
nation,England,E92000001,2021-10-25,188412,5424340
nation,England,E92000001,2021-10-24,138088,5235928
nation,England,E92000001,2021-10-23,325140,5097840
nation,England,E92000001,2021-10-22,248183,4772700
nation,England,E92000001,2021-10-21,255406,4524517
nation,England,E92000001,2021-10-20,223816,4269111
nation,England,E92000001,2021-10-19,199008,4045295
nation,England,E92000001,2021-10-18,150296,3846287
nation,England,E92000001,2021-10-17,99308,3695991
nation,England,E92000001,2021-10-16,285730,3596683
nation,England,E92000001,2021-10-15,198085,3310953
nation,England,E92000001,2021-10-14,214287,3112868
nation,England,E92000001,2021-10-13,190698,2898581
nation,England,E92000001,2021-10-12,160010,2707883
nation,England,E92000001,2021-10-11,121718,2547873
nation,England,E92000001,2021-10-10,91878,2426155
nation,England,E92000001,2021-10-09,250078,2334277
nation,England,E92000001,2021-10-08,172645,2084199
nation,England,E92000001,2021-10-07,176054,1911554
nation,England,E92000001,2021-10-06,160387,1735500
nation,England,E92000001,2021-10-05,154143,1575113
nation,England,E92000001,2021-10-04,122358,1420970
nation,England,E92000001,2021-10-03,88233,1298612
nation,England,E92000001,2021-10-02,193759,1210379
nation,England,E92000001,2021-10-01,153160,1016620
nation,England,E92000001,2021-09-30,,863460
nation,Northern Ireland,N92000002,2022-01-18,3956,914571
nation,Northern Ireland,N92000002,2022-01-17,4093,910615
nation,Northern Ireland,N92000002,2022-01-16,1313,906522
nation,Northern Ireland,N92000002,2022-01-15,2501,905209
nation,Northern Ireland,N92000002,2022-01-14,5116,902708
nation,Northern Ireland,N92000002,2022-01-13,5583,897592
nation,Northern Ireland,N92000002,2022-01-12,8193,892009
nation,Northern Ireland,N92000002,2022-01-11,6530,883816
nation,Northern Ireland,N92000002,2022-01-10,6748,877286
nation,Northern Ireland,N92000002,2022-01-09,6867,870538
nation,Northern Ireland,N92000002,2022-01-08,0,863671
nation,Northern Ireland,N92000002,2022-01-07,7757,863671
nation,Northern Ireland,N92000002,2022-01-06,8899,855914
nation,Northern Ireland,N92000002,2022-01-05,6396,847015
nation,Northern Ireland,N92000002,2022-01-04,7010,840619
nation,Northern Ireland,N92000002,2022-01-03,4693,833609
nation,Northern Ireland,N92000002,2022-01-02,3251,828916
nation,Northern Ireland,N92000002,2022-01-01,979,825665
nation,Northern Ireland,N92000002,2021-12-31,3037,824686
nation,Northern Ireland,N92000002,2021-12-30,10975,821649
nation,Northern Ireland,N92000002,2021-12-29,10903,810674
nation,Northern Ireland,N92000002,2021-12-28,7777,799771
nation,Northern Ireland,N92000002,2021-12-27,6077,791994
nation,Northern Ireland,N92000002,2021-12-26,2705,785917
nation,Northern Ireland,N92000002,2021-12-25,2,783212
nation,Northern Ireland,N92000002,2021-12-24,2722,783210
nation,Northern Ireland,N92000002,2021-12-23,14948,780488
nation,Northern Ireland,N92000002,2021-12-22,24424,765540
nation,Northern Ireland,N92000002,2021-12-21,30803,741116
nation,Northern Ireland,N92000002,2021-12-20,29016,710313
nation,Northern Ireland,N92000002,2021-12-19,14758,681297
nation,Northern Ireland,N92000002,2021-12-18,10114,666539
nation,Northern Ireland,N92000002,2021-12-17,17068,656425
nation,Northern Ireland,N92000002,2021-12-16,24100,639357
nation,Northern Ireland,N92000002,2021-12-15,27689,615257
nation,Northern Ireland,N92000002,2021-12-14,22522,587568
nation,Northern Ireland,N92000002,2021-12-13,22901,565046
nation,Northern Ireland,N92000002,2021-12-12,8150,542145
nation,Northern Ireland,N92000002,2021-12-11,6581,533995
nation,Northern Ireland,N92000002,2021-12-10,11244,527414
nation,Northern Ireland,N92000002,2021-12-09,13109,516170
nation,Northern Ireland,N92000002,2021-12-08,14389,503061
nation,Northern Ireland,N92000002,2021-12-07,13486,488672
nation,Northern Ireland,N92000002,2021-12-06,10118,475186
nation,Northern Ireland,N92000002,2021-12-05,21846,465068
nation,Northern Ireland,N92000002,2021-12-04,0,443222
nation,Northern Ireland,N92000002,2021-12-03,6936,443222
nation,Northern Ireland,N92000002,2021-12-02,14753,436286
nation,Northern Ireland,N92000002,2021-12-01,16033,421533
nation,Northern Ireland,N92000002,2021-11-30,15124,405500
nation,Northern Ireland,N92000002,2021-11-29,15707,390376
nation,Northern Ireland,N92000002,2021-11-28,17199,374669
nation,Northern Ireland,N92000002,2021-11-27,0,357470
nation,Northern Ireland,N92000002,2021-11-26,0,357470
nation,Northern Ireland,N92000002,2021-11-25,13019,357470
nation,Northern Ireland,N92000002,2021-11-24,15323,344451
nation,Northern Ireland,N92000002,2021-11-23,16359,329128
nation,Northern Ireland,N92000002,2021-11-22,14512,312769
nation,Northern Ireland,N92000002,2021-11-21,6902,298257
nation,Northern Ireland,N92000002,2021-11-20,4609,291355
nation,Northern Ireland,N92000002,2021-11-19,9837,286746
nation,Northern Ireland,N92000002,2021-11-18,15791,276909
nation,Northern Ireland,N92000002,2021-11-17,18090,261118
nation,Northern Ireland,N92000002,2021-11-16,15225,243028
nation,Northern Ireland,N92000002,2021-11-15,13566,227803
nation,Northern Ireland,N92000002,2021-11-14,5190,214237
nation,Northern Ireland,N92000002,2021-11-13,5354,209047
nation,Northern Ireland,N92000002,2021-11-12,9728,203693
nation,Northern Ireland,N92000002,2021-11-11,13526,193965
nation,Northern Ireland,N92000002,2021-11-10,14947,180439
nation,Northern Ireland,N92000002,2021-11-09,12269,165492
nation,Northern Ireland,N92000002,2021-11-08,10253,153223
nation,Northern Ireland,N92000002,2021-11-07,4200,142970
nation,Northern Ireland,N92000002,2021-11-06,5840,138770
nation,Northern Ireland,N92000002,2021-11-05,6254,132930
nation,Northern Ireland,N92000002,2021-11-04,9879,126676
nation,Northern Ireland,N92000002,2021-11-03,10433,116797
nation,Northern Ireland,N92000002,2021-11-02,8730,106364
nation,Northern Ireland,N92000002,2021-11-01,7656,97634
nation,Northern Ireland,N92000002,2021-10-31,2824,89978
nation,Northern Ireland,N92000002,2021-10-30,2076,87154
nation,Northern Ireland,N92000002,2021-10-29,3767,85078
nation,Northern Ireland,N92000002,2021-10-28,5058,81311
nation,Northern Ireland,N92000002,2021-10-27,6786,76253
nation,Northern Ireland,N92000002,2021-10-26,5915,69467
nation,Northern Ireland,N92000002,2021-10-25,5572,63552
nation,Northern Ireland,N92000002,2021-10-24,2633,57980
nation,Northern Ireland,N92000002,2021-10-23,2301,55347
nation,Northern Ireland,N92000002,2021-10-22,3609,53046
nation,Northern Ireland,N92000002,2021-10-21,4407,49437
nation,Northern Ireland,N92000002,2021-10-20,4014,45030
nation,Northern Ireland,N92000002,2021-10-19,5582,41016
nation,Northern Ireland,N92000002,2021-10-18,2625,35434
nation,Northern Ireland,N92000002,2021-10-17,1232,32809
nation,Northern Ireland,N92000002,2021-10-16,720,31577
nation,Northern Ireland,N92000002,2021-10-15,1342,30857
nation,Northern Ireland,N92000002,2021-10-14,3736,29515
nation,Northern Ireland,N92000002,2021-10-13,1799,25779
nation,Northern Ireland,N92000002,2021-10-12,3308,23980
nation,Northern Ireland,N92000002,2021-10-11,2818,20672
nation,Northern Ireland,N92000002,2021-10-10,1598,17854
nation,Northern Ireland,N92000002,2021-10-09,731,16256
nation,Northern Ireland,N92000002,2021-10-08,1283,15525
nation,Northern Ireland,N92000002,2021-10-07,1575,14242
nation,Northern Ireland,N92000002,2021-10-06,1710,12667
nation,Northern Ireland,N92000002,2021-10-05,1957,10957
nation,Northern Ireland,N92000002,2021-10-04,1519,9000
nation,Northern Ireland,N92000002,2021-10-03,1285,7481
nation,Northern Ireland,N92000002,2021-10-02,702,6196
nation,Northern Ireland,N92000002,2021-10-01,752,5494
nation,Northern Ireland,N92000002,2021-09-30,,4742
nation,Scotland,S92000003,2022-01-18,9051,3223113
nation,Scotland,S92000003,2022-01-17,9751,3214062
nation,Scotland,S92000003,2022-01-16,8291,3204311
nation,Scotland,S92000003,2022-01-15,11320,3196020
nation,Scotland,S92000003,2022-01-14,13411,3184700
nation,Scotland,S92000003,2022-01-13,12180,3171289
nation,Scotland,S92000003,2022-01-12,13572,3159109
nation,Scotland,S92000003,2022-01-11,15035,3145537
nation,Scotland,S92000003,2022-01-10,15437,3130502
nation,Scotland,S92000003,2022-01-09,13969,3115065
nation,Scotland,S92000003,2022-01-08,18865,3101096
nation,Scotland,S92000003,2022-01-07,19231,3082231
nation,Scotland,S92000003,2022-01-06,21039,3063000
nation,Scotland,S92000003,2022-01-05,25763,3041961
nation,Scotland,S92000003,2022-01-04,10065,3016198
nation,Scotland,S92000003,2022-01-03,13550,3006133
nation,Scotland,S92000003,2022-01-02,7,2992583
nation,Scotland,S92000003,2022-01-01,0,2992576
nation,Scotland,S92000003,2021-12-31,13242,2992576
nation,Scotland,S92000003,2021-12-30,34357,2979334
nation,Scotland,S92000003,2021-12-29,43258,2944977
nation,Scotland,S92000003,2021-12-28,24851,2901719
nation,Scotland,S92000003,2021-12-27,35165,2876868
nation,Scotland,S92000003,2021-12-26,0,2841703
nation,Scotland,S92000003,2021-12-25,0,2841703
nation,Scotland,S92000003,2021-12-24,0,2841703
nation,Scotland,S92000003,2021-12-23,59241,2841703
nation,Scotland,S92000003,2021-12-22,73701,2782462
nation,Scotland,S92000003,2021-12-21,78146,2708761
nation,Scotland,S92000003,2021-12-20,69135,2630615
nation,Scotland,S92000003,2021-12-19,60447,2561480
nation,Scotland,S92000003,2021-12-18,64081,2501033
nation,Scotland,S92000003,2021-12-17,59782,2436952
nation,Scotland,S92000003,2021-12-16,63327,2377170
nation,Scotland,S92000003,2021-12-15,59437,2313843
nation,Scotland,S92000003,2021-12-14,54234,2254406
nation,Scotland,S92000003,2021-12-13,45601,2200172
nation,Scotland,S92000003,2021-12-12,38343,2154571
nation,Scotland,S92000003,2021-12-11,40144,2116228
nation,Scotland,S92000003,2021-12-10,36014,2076084
nation,Scotland,S92000003,2021-12-09,39155,2040070
nation,Scotland,S92000003,2021-12-08,39327,2000915
nation,Scotland,S92000003,2021-12-07,38984,1961588
nation,Scotland,S92000003,2021-12-06,33319,1922604
nation,Scotland,S92000003,2021-12-05,29550,1889285
nation,Scotland,S92000003,2021-12-04,36220,1859735
nation,Scotland,S92000003,2021-12-03,32787,1823515
nation,Scotland,S92000003,2021-12-02,35034,1790728
nation,Scotland,S92000003,2021-12-01,33469,1755694
nation,Scotland,S92000003,2021-11-30,34433,1722225
nation,Scotland,S92000003,2021-11-29,28328,1687792
nation,Scotland,S92000003,2021-11-28,29892,1659464
nation,Scotland,S92000003,2021-11-27,30823,1629572
nation,Scotland,S92000003,2021-11-26,30214,1598749
nation,Scotland,S92000003,2021-11-25,32912,1568535
nation,Scotland,S92000003,2021-11-24,33357,1535623
nation,Scotland,S92000003,2021-11-23,32843,1502266
nation,Scotland,S92000003,2021-11-22,31600,1469423
nation,Scotland,S92000003,2021-11-21,29258,1437823
nation,Scotland,S92000003,2021-11-20,32786,1408565
nation,Scotland,S92000003,2021-11-19,32938,1375779
nation,Scotland,S92000003,2021-11-18,35570,1342841
nation,Scotland,S92000003,2021-11-17,37261,1307271
nation,Scotland,S92000003,2021-11-16,32634,1270010
nation,Scotland,S92000003,2021-11-15,28989,1237376
nation,Scotland,S92000003,2021-11-14,24618,1208387
nation,Scotland,S92000003,2021-11-13,31886,1183769
nation,Scotland,S92000003,2021-11-12,31618,1151883
nation,Scotland,S92000003,2021-11-11,35374,1120265
nation,Scotland,S92000003,2021-11-10,34292,1084891
nation,Scotland,S92000003,2021-11-09,33240,1050599
nation,Scotland,S92000003,2021-11-08,30618,1017359
nation,Scotland,S92000003,2021-11-07,28796,986741
nation,Scotland,S92000003,2021-11-06,32484,957945
nation,Scotland,S92000003,2021-11-05,33243,925461
nation,Scotland,S92000003,2021-11-04,33572,892218
nation,Scotland,S92000003,2021-11-03,66291,858646
nation,Scotland,S92000003,2021-11-02,24952,792355
nation,Scotland,S92000003,2021-11-01,22841,767403
nation,Scotland,S92000003,2021-10-31,23308,744562
nation,Scotland,S92000003,2021-10-30,28907,721254
nation,Scotland,S92000003,2021-10-29,28876,692347
nation,Scotland,S92000003,2021-10-28,29749,663471
nation,Scotland,S92000003,2021-10-27,31667,633722
nation,Scotland,S92000003,2021-10-26,28844,602055
nation,Scotland,S92000003,2021-10-25,28618,573211
nation,Scotland,S92000003,2021-10-24,23238,544593
nation,Scotland,S92000003,2021-10-23,32201,521355
nation,Scotland,S92000003,2021-10-22,28310,489154
nation,Scotland,S92000003,2021-10-21,29788,460844
nation,Scotland,S92000003,2021-10-20,29264,431056
nation,Scotland,S92000003,2021-10-19,27485,401792
nation,Scotland,S92000003,2021-10-18,25284,374307
nation,Scotland,S92000003,2021-10-17,17492,349023
nation,Scotland,S92000003,2021-10-16,19750,331531
nation,Scotland,S92000003,2021-10-15,21461,311781
nation,Scotland,S92000003,2021-10-14,20994,290320
nation,Scotland,S92000003,2021-10-13,,269326
nation,Wales,W92000004,2022-01-18,4406,1845100
nation,Wales,W92000004,2022-01-17,4774,1840694
nation,Wales,W92000004,2022-01-16,5569,1835920
nation,Wales,W92000004,2022-01-15,4849,1830351
nation,Wales,W92000004,2022-01-14,7660,1825502
nation,Wales,W92000004,2022-01-13,6865,1817842
nation,Wales,W92000004,2022-01-12,8713,1810977
nation,Wales,W92000004,2022-01-11,9800,1802264
nation,Wales,W92000004,2022-01-10,11083,1792464
nation,Wales,W92000004,2022-01-09,10761,1781381
nation,Wales,W92000004,2022-01-08,9464,1770620
nation,Wales,W92000004,2022-01-07,13719,1761156
nation,Wales,W92000004,2022-01-06,13202,1747437
nation,Wales,W92000004,2022-01-05,15509,1734235
nation,Wales,W92000004,2022-01-04,18451,1718726
nation,Wales,W92000004,2022-01-03,6246,1700275
nation,Wales,W92000004,2022-01-02,4826,1694029
nation,Wales,W92000004,2022-01-01,18,1689203
nation,Wales,W92000004,2021-12-31,11845,1689185
nation,Wales,W92000004,2021-12-30,31690,1677340
nation,Wales,W92000004,2021-12-29,35670,1645650
nation,Wales,W92000004,2021-12-28,34060,1609980
nation,Wales,W92000004,2021-12-27,22617,1575920
nation,Wales,W92000004,2021-12-26,0,1553303
nation,Wales,W92000004,2021-12-25,1,1553303
nation,Wales,W92000004,2021-12-24,12957,1553302
nation,Wales,W92000004,2021-12-23,38339,1540345
nation,Wales,W92000004,2021-12-22,46640,1502006
nation,Wales,W92000004,2021-12-21,50524,1455366
nation,Wales,W92000004,2021-12-20,46035,1404842
nation,Wales,W92000004,2021-12-19,45066,1358807
nation,Wales,W92000004,2021-12-18,36008,1313741
nation,Wales,W92000004,2021-12-17,34896,1277733
nation,Wales,W92000004,2021-12-16,34012,1242837
nation,Wales,W92000004,2021-12-15,31211,1208825
nation,Wales,W92000004,2021-12-14,31916,1177614
nation,Wales,W92000004,2021-12-13,26676,1145698
nation,Wales,W92000004,2021-12-12,17173,1119022
nation,Wales,W92000004,2021-12-11,20167,1101849
nation,Wales,W92000004,2021-12-10,19201,1081682
nation,Wales,W92000004,2021-12-09,20937,1062481
nation,Wales,W92000004,2021-12-08,20314,1041544
nation,Wales,W92000004,2021-12-07,19366,1021230
nation,Wales,W92000004,2021-12-06,17666,1001864
nation,Wales,W92000004,2021-12-05,17095,984198
nation,Wales,W92000004,2021-12-04,15641,967103
nation,Wales,W92000004,2021-12-03,16421,951462
nation,Wales,W92000004,2021-12-02,18019,935041
nation,Wales,W92000004,2021-12-01,17228,917022
nation,Wales,W92000004,2021-11-30,17151,899794
nation,Wales,W92000004,2021-11-29,15692,882643
nation,Wales,W92000004,2021-11-28,15055,866951
nation,Wales,W92000004,2021-11-27,14631,851896
nation,Wales,W92000004,2021-11-26,15567,837265
nation,Wales,W92000004,2021-11-25,15401,821698
nation,Wales,W92000004,2021-11-24,14960,806297
nation,Wales,W92000004,2021-11-23,14916,791337
nation,Wales,W92000004,2021-11-22,12055,776421
nation,Wales,W92000004,2021-11-21,12697,764366
nation,Wales,W92000004,2021-11-20,12984,751669
nation,Wales,W92000004,2021-11-19,15639,738685
nation,Wales,W92000004,2021-11-18,17493,723046
nation,Wales,W92000004,2021-11-17,14932,705553
nation,Wales,W92000004,2021-11-16,16890,690621
nation,Wales,W92000004,2021-11-15,11779,673731
nation,Wales,W92000004,2021-11-14,10817,661952
nation,Wales,W92000004,2021-11-13,13315,651135
nation,Wales,W92000004,2021-11-12,16831,637820
nation,Wales,W92000004,2021-11-11,16950,620989
nation,Wales,W92000004,2021-11-10,17086,604039
nation,Wales,W92000004,2021-11-09,16022,586953
nation,Wales,W92000004,2021-11-08,14218,570931
nation,Wales,W92000004,2021-11-07,9930,556713
nation,Wales,W92000004,2021-11-06,13219,546783
nation,Wales,W92000004,2021-11-05,16736,533564
nation,Wales,W92000004,2021-11-04,16504,516828
nation,Wales,W92000004,2021-11-03,15338,500324
nation,Wales,W92000004,2021-11-02,16722,484986
nation,Wales,W92000004,2021-11-01,13734,468264
nation,Wales,W92000004,2021-10-31,6556,454530
nation,Wales,W92000004,2021-10-30,10986,447974
nation,Wales,W92000004,2021-10-29,14443,436988
nation,Wales,W92000004,2021-10-28,14854,422545
nation,Wales,W92000004,2021-10-27,14481,407691
nation,Wales,W92000004,2021-10-26,12313,393210
nation,Wales,W92000004,2021-10-25,22390,380897
nation,Wales,W92000004,2021-10-24,6546,358507
nation,Wales,W92000004,2021-10-23,10787,351961
nation,Wales,W92000004,2021-10-22,18583,341174
nation,Wales,W92000004,2021-10-21,,322591
